teach[0] = 1000000000
00000000000000000
00011111111111100
00000000100000000
00111111111111100
00100000100000100
00101110101110100
00100000100000100
00101110101110100
00100000100000100
00000011111000000
00001110001110000
00111001110011100
01110000000001110
00001111111110000
00000000100010000
00000000100010000
00000000100110000
00000000100000000
00000000000000000
teach[1] = 0100000000
00000000000000000
00000000000000000
00000000000000000
00000000000000000
00000000000000000
00000000000000000
00000000000000000
00000000000000000
00000000000000000
01111111111111110
00000000000000000
00000000000000000
00000000000000000
00000000000000000
00000000000000000
00000000000000000
00000000000000000
00000000000000000
00000000000000000
teach[2] = 0010000000
00000000000000000
00000000000000000
00000000000000000
00000000000000000
00011111111111000
00000000000000000
00000000000000000
00000000000000000
00000000000000000
00000000000000000
00000000000000000
00000000000000000
01111111111111110
00000000000000000
00000000000000000
00000000000000000
00000000000000000
00000000000000000
00000000000000000
teach[3] = 0001000000
00000000000000000
00000000000000000
00000000000000000
00111111111111100
00000000000000000
00000000000000000
00000000000000000
00000000000000000
00000000000000000
00001111111110000
00000000000000000
00000000000000000
00000000000000000
00000000000000000
01111111111111110
00000000000000000
00000000000000000
00000000000000000
00000000000000000
teach[4] = 0000100000
00000000000000000
00000000000000000
00000000000000000
01111111111111110
01000010010000010
01000010010000010
01000100010000010
01000100010001010
01001000001111010
01110000000000010
01000000000000010
01000000000000010
01000000000000010
01000000000000010
01111111111111110
01000000000000010
00000000000000000
00000000000000000
00000000000000000
teach[5] = 0000010000
00000000000000000
00000000000000000
00000000000000000
00111111111111100
00000000100000000
00000000100000000
00000000100000000
00000001000000000
00000001000000000
00001111111110000
00000010000010000
00000100000010000
00000100000010000
00001000000010000
01111111111111110
00000000000000000
00000000000000000
00000000000000000
00000000000000000
teach[6] = 0000001000
00000000000000000
00000000000000000
00000000000000000
00000000100000000
00000000100000000
00111111111111100
00000000000000000
00000110000100000
00000100000100000
00001100000110000
00011000000011000
00011000000011000
00110000000001100
01100000000000110
01100000000000110
01000000000000010
00000000000000000
00000000000000000
00000000000000000
teach[7] = 0000000100
00000000000000000
00000000000000000
00000000000000000
00010000000000000
00010000000000000
00010000000111110
00010001111000000
00011110000000000
00110000000000000
01010000000000000
00010000000000000
00010000000001000
00010000000001000
00010000000001000
00011111111110000
00000000000000000
00000000000000000
00000000000000000
00000000000000000
teach[8] = 0000000010
00000000000000000
00000000000000000
00000000000000000
00000001111000000
00000000001000000
00000010001000000
00000010001000000
00000110000100000
00000100000100000
00001100000110000
00011000000011000
00011000000011000
00110000000001100
01100000000000110
01100000000000110
01000000000000010
00000000000000000
00000000000000000
00000000000000000
teach[9] = 0000000001
00000000000000000
00000000000000000
00000001000000000
00000001000000000
00111111111100000
00000011000100000
00000010000100000
00000110000100000
00000100000100000
00001100000100000
00011000000100000
00011000000100000
00110000000100100
01100000000100100
01100000000111000
01000000000000000
00000000000000000
00000000000000000
00000000000000000
  ===== USAGE =====
  learn: nn> l
  check: nn> c
  evaluation: nn> e
       after that, input filename defined test-pattern
  =================
nn> 