1 0.4526736242
2 0.3267276231
3 0.3110841971
4 0.3053082366
5 0.3005700593
6 0.2961753406
7 0.2918059117
8 0.2871820221
9 0.2820139065
10 0.2761411640
11 0.2697231341
12 0.2629424173
13 0.2559395593
14 0.2487873855
15 0.2415385950
16 0.2343191655
17 0.2272940346
18 0.2205547014
19 0.2140971080
20 0.2078820370
21 0.2019295547
22 0.1963260775
23 0.1910926538
24 0.1861968976
25 0.1815543020
26 0.1770972337
27 0.1727902292
28 0.1686150894
29 0.1645585934
30 0.1606092431
31 0.1567754645
32 0.1531143125
33 0.1496814461
34 0.1464376128
35 0.1433203547
36 0.1403280863
37 0.1374597773
38 0.1346941945
39 0.1320220343
40 0.1294339146
41 0.1269134389
42 0.1244538215
43 0.1220468289
44 0.1196824007
45 0.1173633319
46 0.1150887857
47 0.1128601075
48 0.1106910827
49 0.1085768581
50 0.1065185290
51 0.1045283473
52 0.1025850485
53 0.1006913855
54 0.0988649967
55 0.0970538525
56 0.0952783315
57 0.0935936537
58 0.0918443110
59 0.0901624460
60 0.0886631192
61 0.0868735007
62 0.0853846395
63 0.0840748051
64 0.0822449061
65 0.0810321210
66 0.0791516803
67 0.0783887089
68 0.0764964396
69 0.0746755561
70 0.0735382059
71 0.0713283228
72 0.0700925043
73 0.0684355324
74 0.0664956283
75 0.0653479716
76 0.0638626616
77 0.0621248823
78 0.0609911457
79 0.0596617237
80 0.0581119239
81 0.0569917836
82 0.0557579987
83 0.0543837083
84 0.0532910390
85 0.0521407627
86 0.0509294979
87 0.0498851636
88 0.0488204397
89 0.0477504704
90 0.0467698864
91 0.0457919185
92 0.0448363531
93 0.0439313559
94 0.0430482083
95 0.0422031556
96 0.0414010518
97 0.0406327683
98 0.0399010312
99 0.0392018311
100 0.0385318836
101 0.0378908488
102 0.0372764168
103 0.0366873020
104 0.0361223240
105 0.0355800831
106 0.0350595015
107 0.0345594487
108 0.0340788825
109 0.0336168229
110 0.0331723300
111 0.0327445224
112 0.0323325617
113 0.0319356571
114 0.0315530605
115 0.0311840657
116 0.0308280058
117 0.0304842518
118 0.0301522102
119 0.0298313211
120 0.0295210565
121 0.0292209184
122 0.0289304366
123 0.0286491676
124 0.0283766927
125 0.0281126161
126 0.0278565640
127 0.0276081830
128 0.0273671387
129 0.0271331147
130 0.0269058114
131 0.0266849450
132 0.0264702463
133 0.0262614602
134 0.0260583447
135 0.0258606698
136 0.0256682175
137 0.0254807804
138 0.0252981613
139 0.0251201730
140 0.0249466371
141 0.0247773840
142 0.0246122521
143 0.0244510877
144 0.0242937442
145 0.0241400818
146 0.0239899672
147 0.0238432735
148 0.0236998793
149 0.0235596686
150 0.0234225309
151 0.0232883603
152 0.0231570557
153 0.0230285203
154 0.0229026615
155 0.0227793906
156 0.0226586225
157 0.0225402757
158 0.0224242721
159 0.0223105366
160 0.0221989971
161 0.0220895844
162 0.0219822319
163 0.0218768757
164 0.0217734540
165 0.0216719077
166 0.0215721797
167 0.0214742147
168 0.0213779599
169 0.0212833640
170 0.0211903775
171 0.0210989530
172 0.0210090442
173 0.0209206067
174 0.0208335976
175 0.0207479752
176 0.0206636993
177 0.0205807312
178 0.0204990332
179 0.0204185689
180 0.0203393033
181 0.0202612022
182 0.0201842328
183 0.0201083634
184 0.0200335633
185 0.0199598029
186 0.0198870539
187 0.0198152888
188 0.0197444814
189 0.0196746067
190 0.0196056407
191 0.0195375607
192 0.0194703451
193 0.0194039738
194 0.0193384279
195 0.0192736897
196 0.0192097430
197 0.0191465729
198 0.0190841659
199 0.0190225098
200 0.0189615936
201 0.0189014076
202 0.0188419430
203 0.0187831920
204 0.0187251475
205 0.0186678029
206 0.0186111519
207 0.0185551881
208 0.0184999052
209 0.0184452963
210 0.0183913542
211 0.0183380709
212 0.0182854377
213 0.0182334453
214 0.0181820838
215 0.0181313427
216 0.0180812109
217 0.0180316773
218 0.0179827303
219 0.0179343586
220 0.0178865507
221 0.0178392953
222 0.0177925817
223 0.0177463990
224 0.0177007371
225 0.0176555858
226 0.0176109358
227 0.0175667774
228 0.0175231021
229 0.0174799006
230 0.0174371654
231 0.0173948872
232 0.0173530595
233 0.0173116729
234 0.0172707220
235 0.0172301966
236 0.0171900936
237 0.0171504004
238 0.0171111177
239 0.0170722284
240 0.0170337403
241 0.0169956274
242 0.0169579101
243 0.0169205460
244 0.0168835793
245 0.0168469363
246 0.0168107060
247 0.0167747566
248 0.0167392628
249 0.0167039858
250 0.0166692654
251 0.0166346728
252 0.0166008676
253 0.0165671124
254 0.0165346801
255 0.0165024654
256 0.0164727973
257 0.0164449004
258 0.0164218485
259 0.0164085647
260 0.0163997312
261 0.0164350307
262 0.0164338472
263 0.0165920102
264 0.0164818416
265 0.0167690521
266 0.0164176182
267 0.0166665139
268 0.0163361576
269 0.0165402413
270 0.0162622625
271 0.0164397011
272 0.0161921510
273 0.0163492125
274 0.0161249054
275 0.0162656868
276 0.0160599556
277 0.0161873112
278 0.0159969842
279 0.0161129559
280 0.0159357536
281 0.0160418846
282 0.0158760874
283 0.0159735990
284 0.0158178535
285 0.0159077346
286 0.0157609485
287 0.0158440120
288 0.0157052859
289 0.0157822106
290 0.0156507914
291 0.0157221497
292 0.0155974007
293 0.0156636771
294 0.0155450568
295 0.0156066624
296 0.0154937078
297 0.0155509926
298 0.0154433066
299 0.0154965683
300 0.0153938098
301 0.0154433012
302 0.0153451767
303 0.0153911124
304 0.0152973691
305 0.0153399309
306 0.0152503506
307 0.0152896920
308 0.0152040863
309 0.0152403364
310 0.0151585424
311 0.0151918097
312 0.0151136861
313 0.0151440615
314 0.0150694856
315 0.0150970450
316 0.0150259097
317 0.0150507168
318 0.0149829280
319 0.0150050364
320 0.0149405111
321 0.0149599666
322 0.0148986304
323 0.0149154730
324 0.0148572582
325 0.0148715241
326 0.0148163683
327 0.0148280918
328 0.0147759354
329 0.0147851514
330 0.0147359361
331 0.0147426817
332 0.0146963485
333 0.0147006657
334 0.0146571532
335 0.0146590909
336 0.0146183330
337 0.0146179499
338 0.0145798741
339 0.0145772408
340 0.0145417662
341 0.0145369680
342 0.0145040032
343 0.0144971428
344 0.0144665844
345 0.0144577837
346 0.0144295146
347 0.0144189169
348 0.0143928053
349 0.0143805762
350 0.0143564753
351 0.0143428026
352 0.0143205504
353 0.0143056427
354 0.0142850636
355 0.0142691466
356 0.0142500538
357 0.0142333649
358 0.0142155633
359 0.0141983435
360 0.0141816348
361 0.0141641185
362 0.0141483064
363 0.0141307101
364 0.0141156059
365 0.0140981166
366 0.0140835451
367 0.0140663106
368 0.0140521151
369 0.0140352378
370 0.0140212839
371 0.0140048194
372 0.0139909974
373 0.0139749588
374 0.0139611848
375 0.0139455506
376 0.0139317658
377 0.0139164915
378 0.0139026599
379 0.0138876886
380 0.0138737937
381 0.0138590660
382 0.0138451061
383 0.0138305663
384 0.0138165497
385 0.0138021498
386 0.0137880902
387 0.0137737914
388 0.0137597038
389 0.0137454768
390 0.0137313754
391 0.0137171997
392 0.0137030965
393 0.0136889593
394 0.0136748646
395 0.0136607596
396 0.0136466822
397 0.0136326087
398 0.0136185569
399 0.0136045179
400 0.0135905004
401 0.0135765021
402 0.0135625280
403 0.0135485787
404 0.0135346577
405 0.0135207668
406 0.0135069089
407 0.0134930864
408 0.0134793018
409 0.0134655575
410 0.0134518559
411 0.0134381992
412 0.0134245896
413 0.0134110291
414 0.0133975197
415 0.0133840631
416 0.0133706611
417 0.0133573151
418 0.0133440266
419 0.0133307970
420 0.0133176275
421 0.0133045191
422 0.0132914731
423 0.0132784902
424 0.0132655714
425 0.0132527176
426 0.0132399294
427 0.0132272076
428 0.0132145527
429 0.0132019655
430 0.0131894463
431 0.0131769958
432 0.0131646143
433 0.0131523023
434 0.0131400602
435 0.0131278882
436 0.0131157869
437 0.0131037563
438 0.0130917969
439 0.0130799087
440 0.0130680921
441 0.0130563473
442 0.0130446744
443 0.0130330735
444 0.0130215448
445 0.0130100884
446 0.0129987043
447 0.0129873927
448 0.0129761536
449 0.0129649869
450 0.0129538927
451 0.0129428710
452 0.0129319217
453 0.0129210447
454 0.0129102399
455 0.0128995073
456 0.0128888466
457 0.0128782576
458 0.0128677403
459 0.0128572943
460 0.0128469194
461 0.0128366154
462 0.0128263818
463 0.0128162185
464 0.0128061250
465 0.0127961010
466 0.0127861460
467 0.0127762596
468 0.0127664415
469 0.0127566910
470 0.0127470078
471 0.0127373913
472 0.0127278410
473 0.0127183564
474 0.0127089369
475 0.0126995819
476 0.0126902909
477 0.0126810634
478 0.0126718986
479 0.0126627960
480 0.0126537551
481 0.0126447751
482 0.0126358555
483 0.0126269958
484 0.0126181951
485 0.0126094531
486 0.0126007690
487 0.0125921423
488 0.0125835723
489 0.0125750585
490 0.0125666002
491 0.0125581969
492 0.0125498481
493 0.0125415530
494 0.0125333113
495 0.0125251222
496 0.0125169853
497 0.0125089000
498 0.0125008658
499 0.0124928822
500 0.0124849486
501 0.0124770645
502 0.0124692294
503 0.0124614428
504 0.0124537043
505 0.0124460133
506 0.0124383694
507 0.0124307720
508 0.0124232208
509 0.0124157153
510 0.0124082551
511 0.0124008396
512 0.0123934685
513 0.0123861413
514 0.0123788576
515 0.0123716170
516 0.0123644191
517 0.0123572635
518 0.0123501498
519 0.0123430776
520 0.0123360464
521 0.0123290560
522 0.0123221059
523 0.0123151958
524 0.0123083253
525 0.0123014940
526 0.0122947016
527 0.0122879477
528 0.0122812320
529 0.0122745541
530 0.0122679137
531 0.0122613104
532 0.0122547440
533 0.0122482140
534 0.0122417201
535 0.0122352621
536 0.0122288397
537 0.0122224524
538 0.0122161000
539 0.0122097821
540 0.0122034986
541 0.0121972490
542 0.0121910331
543 0.0121848506
544 0.0121787011
545 0.0121725845
546 0.0121665003
547 0.0121604484
548 0.0121544285
549 0.0121484402
550 0.0121424833
551 0.0121365576
552 0.0121306627
553 0.0121247984
554 0.0121189644
555 0.0121131605
556 0.0121073864
557 0.0121016418
558 0.0120959266
559 0.0120902404
560 0.0120845830
561 0.0120789542
562 0.0120733537
563 0.0120677813
564 0.0120622367
565 0.0120567197
566 0.0120512300
567 0.0120457675
568 0.0120403319
569 0.0120349229
570 0.0120295404
571 0.0120241841
572 0.0120188538
573 0.0120135493
574 0.0120082704
575 0.0120030167
576 0.0119977882
577 0.0119925846
578 0.0119874057
579 0.0119822513
580 0.0119771212
581 0.0119720151
582 0.0119669329
583 0.0119618744
584 0.0119568393
585 0.0119518275
586 0.0119468388
587 0.0119418729
588 0.0119369296
589 0.0119320089
590 0.0119271104
591 0.0119222340
592 0.0119173795
593 0.0119125467
594 0.0119077355
595 0.0119029455
596 0.0118981767
597 0.0118934289
598 0.0118887018
599 0.0118839953
600 0.0118793093
601 0.0118746435
602 0.0118699977
603 0.0118653718
604 0.0118607656
605 0.0118561789
606 0.0118516116
607 0.0118470635
608 0.0118425343
609 0.0118380240
610 0.0118335324
611 0.0118290592
612 0.0118246044
613 0.0118201677
614 0.0118157489
615 0.0118113480
616 0.0118069648
617 0.0118025990
618 0.0117982506
619 0.0117939193
620 0.0117896050
621 0.0117853075
622 0.0117810267
623 0.0117767624
624 0.0117725145
625 0.0117682827
626 0.0117640670
627 0.0117598671
628 0.0117556830
629 0.0117515143
630 0.0117473611
631 0.0117432231
632 0.0117391002
633 0.0117349923
634 0.0117308990
635 0.0117268204
636 0.0117227563
637 0.0117187065
638 0.0117146708
639 0.0117106491
640 0.0117066412
641 0.0117026470
642 0.0116986664
643 0.0116946991
644 0.0116907451
645 0.0116868042
646 0.0116828761
647 0.0116789609
648 0.0116750583
649 0.0116711681
650 0.0116672903
651 0.0116634246
652 0.0116595710
653 0.0116557292
654 0.0116518991
655 0.0116480806
656 0.0116442735
657 0.0116404777
658 0.0116366930
659 0.0116329192
660 0.0116291563
661 0.0116254040
662 0.0116216622
663 0.0116179308
664 0.0116142096
665 0.0116104985
666 0.0116067972
667 0.0116031058
668 0.0115994239
669 0.0115957515
670 0.0115920884
671 0.0115884344
672 0.0115847895
673 0.0115811534
674 0.0115775260
675 0.0115739071
676 0.0115702967
677 0.0115666945
678 0.0115631003
679 0.0115595142
680 0.0115559358
681 0.0115523650
682 0.0115488017
683 0.0115452458
684 0.0115416970
685 0.0115381553
686 0.0115346204
687 0.0115310922
688 0.0115275706
689 0.0115240554
690 0.0115205465
691 0.0115170437
692 0.0115135468
693 0.0115100557
694 0.0115065703
695 0.0115030903
696 0.0114996157
697 0.0114961463
698 0.0114926818
699 0.0114892223
700 0.0114857674
701 0.0114823172
702 0.0114788713
703 0.0114754297
704 0.0114719922
705 0.0114685586
706 0.0114651289
707 0.0114617028
708 0.0114582802
709 0.0114548609
710 0.0114514448
711 0.0114480318
712 0.0114446216
713 0.0114412142
714 0.0114378095
715 0.0114344071
716 0.0114310071
717 0.0114276092
718 0.0114242133
719 0.0114208193
720 0.0114174271
721 0.0114140364
722 0.0114106472
723 0.0114072593
724 0.0114038726
725 0.0114004870
726 0.0113971022
727 0.0113937183
728 0.0113903350
729 0.0113869523
730 0.0113835700
731 0.0113801881
732 0.0113768063
733 0.0113734246
734 0.0113700429
735 0.0113666610
736 0.0113632789
737 0.0113598965
738 0.0113565136
739 0.0113531303
740 0.0113497463
741 0.0113463616
742 0.0113429762
743 0.0113395900
744 0.0113362029
745 0.0113328148
746 0.0113294257
747 0.0113260356
748 0.0113226443
749 0.0113192519
750 0.0113158583
751 0.0113124635
752 0.0113090675
753 0.0113056702
754 0.0113022717
755 0.0112988719
756 0.0112954709
757 0.0112920686
758 0.0112886651
759 0.0112852605
760 0.0112818546
761 0.0112784477
762 0.0112750396
763 0.0112716305
764 0.0112682205
765 0.0112648095
766 0.0112613977
767 0.0112579851
768 0.0112545718
769 0.0112511579
770 0.0112477435
771 0.0112443287
772 0.0112409135
773 0.0112374982
774 0.0112340827
775 0.0112306672
776 0.0112272519
777 0.0112238368
778 0.0112204220
779 0.0112170077
780 0.0112135940
781 0.0112101810
782 0.0112067688
783 0.0112033576
784 0.0111999475
785 0.0111965385
786 0.0111931308
787 0.0111897245
788 0.0111863198
789 0.0111829166
790 0.0111795152
791 0.0111761155
792 0.0111727178
793 0.0111693220
794 0.0111659283
795 0.0111625367
796 0.0111591473
797 0.0111557600
798 0.0111523751
799 0.0111489925
800 0.0111456122
801 0.0111422342
802 0.0111388586
803 0.0111354854
804 0.0111321145
805 0.0111287459
806 0.0111253797
807 0.0111220157
808 0.0111186540
809 0.0111152944
810 0.0111119369
811 0.0111085815
812 0.0111052280
813 0.0111018764
814 0.0110985266
815 0.0110951785
816 0.0110918319
817 0.0110884867
818 0.0110851429
819 0.0110818002
820 0.0110784586
821 0.0110751179
822 0.0110717779
823 0.0110684385
824 0.0110650996
825 0.0110617609
826 0.0110584223
827 0.0110550836
828 0.0110517446
829 0.0110484052
830 0.0110450651
831 0.0110417242
832 0.0110383823
833 0.0110350392
834 0.0110316946
835 0.0110283484
836 0.0110250004
837 0.0110216504
838 0.0110182981
839 0.0110149434
840 0.0110115860
841 0.0110082257
842 0.0110048623
843 0.0110014956
844 0.0109981254
845 0.0109947515
846 0.0109913736
847 0.0109879915
848 0.0109846050
849 0.0109812139
850 0.0109778179
851 0.0109744169
852 0.0109710106
853 0.0109675987
854 0.0109641811
855 0.0109607575
856 0.0109573277
857 0.0109538915
858 0.0109504486
859 0.0109469988
860 0.0109435418
861 0.0109400775
862 0.0109366057
863 0.0109331259
864 0.0109296381
865 0.0109261420
866 0.0109226374
867 0.0109191239
868 0.0109156015
869 0.0109120697
870 0.0109085284
871 0.0109049774
872 0.0109014164
873 0.0108978451
874 0.0108942632
875 0.0108906707
876 0.0108870671
877 0.0108834522
878 0.0108798257
879 0.0108761875
880 0.0108725372
881 0.0108688746
882 0.0108651994
883 0.0108615113
884 0.0108578101
885 0.0108540955
886 0.0108503671
887 0.0108466248
888 0.0108428683
889 0.0108390972
890 0.0108353113
891 0.0108315102
892 0.0108276938
893 0.0108238616
894 0.0108200134
895 0.0108161489
896 0.0108122678
897 0.0108083698
898 0.0108044545
899 0.0108005217
900 0.0107965710
901 0.0107926021
902 0.0107886146
903 0.0107846083
904 0.0107805829
905 0.0107765379
906 0.0107724730
907 0.0107683879
908 0.0107642823
909 0.0107601558
910 0.0107560080
911 0.0107518386
912 0.0107476472
913 0.0107434335
914 0.0107391971
915 0.0107349376
916 0.0107306546
917 0.0107263478
918 0.0107220168
919 0.0107176611
920 0.0107132805
921 0.0107088745
922 0.0107044427
923 0.0106999847
924 0.0106955001
925 0.0106909886
926 0.0106864496
927 0.0106818828
928 0.0106772879
929 0.0106726642
930 0.0106680116
931 0.0106633294
932 0.0106586174
933 0.0106538750
934 0.0106491020
935 0.0106442977
936 0.0106394619
937 0.0106345941
938 0.0106296938
939 0.0106247607
940 0.0106197943
941 0.0106147942
942 0.0106097600
943 0.0106046913
944 0.0105995876
945 0.0105944486
946 0.0105892738
947 0.0105840629
948 0.0105788155
949 0.0105735311
950 0.0105682094
951 0.0105628501
952 0.0105574527
953 0.0105520170
954 0.0105465425
955 0.0105410290
956 0.0105354762
957 0.0105298838
958 0.0105242514
959 0.0105185789
960 0.0105128661
961 0.0105071124
962 0.0105013179
963 0.0104954828
964 0.0104896060
965 0.0104836880
966 0.0104777295
967 0.0104717283
968 0.0104656858
969 0.0104596038
970 0.0104534773
971 0.0104473103
972 0.0104411065
973 0.0104348541
974 0.0104285632
975 0.0104222426
976 0.0104158631
977 0.0104094500
978 0.0104030276
979 0.0103965176
980 0.0103899855
981 0.0103835188
982 0.0103768805
983 0.0103702360
984 0.0103640234
985 0.0103573850
986 0.0103506453
987 0.0103466711
988 0.0103416468
989 0.0103349870
990 0.0103501329
991 0.0103678677
992 0.0103703384
993 0.0106401275
994 0.0111615979
995 0.0122156536
996 0.0186577641
997 0.0181722812
998 0.0201031061
999 0.0143149852
1000 0.0137555606
