1 0.55393687316
2 0.39172547423
3 0.35036417984
4 0.30379579211
5 0.26841925634
6 0.22816082648
7 0.20032059371
8 0.18648836856
9 0.16728367043
10 0.14390079348
11 0.12616301708
12 0.09729170713
13 0.08296217261
14 0.07260833394
15 0.05784061463
16 0.04989537535
17 0.04503285066
18 0.03622281858
19 0.03127970767
20 0.03092923286
21 0.02690692877
22 0.02128180692
23 0.01812813619
24 0.01641325798
25 0.01454854846
26 0.01224890025
27 0.00887749515
28 0.00826955898
29 0.00784261948
30 0.00750499596
31 0.00717022907
32 0.00689617202
33 0.00684501638
34 0.00663618225
35 0.00658364659
36 0.00608147521
37 0.00583068511
38 0.00558689871
39 0.00540211496
40 0.00527170766
41 0.00513068462
42 0.00504700061
43 0.00498624655
44 0.00493032523
45 0.00478762444
46 0.00453890301
47 0.00439788524
48 0.00428838847
49 0.0042050549
50 0.00409876032
51 0.00401883291
52 0.00393039552
53 0.00385997705
54 0.00378280317
55 0.00371505266
56 0.00364932514
57 0.00359357566
58 0.00355497346
59 0.00350169744
60 0.00341633989
61 0.00335556209
62 0.00329254576
63 0.0032557776
64 0.00320750537
65 0.00315199998
66 0.00311918466
67 0.003060789
68 0.0030116294
69 0.00295511781
70 0.00290259352
71 0.00286761975
72 0.00281162291
73 0.00276620671
74 0.0027258236
75 0.00268123828
76 0.0026335075
77 0.00259376045
78 0.00255386694
79 0.00251702032
80 0.00247098513
81 0.00244024885
82 0.00240005984
83 0.00236630931
84 0.00232246484
85 0.00229982592
86 0.00225267681
87 0.00222982671
88 0.00218895762
89 0.00216789421
90 0.00212374743
91 0.00211338632
92 0.00206563843
93 0.00205841874
94 0.0020187306
95 0.00200754045
96 0.00196785428
97 0.00196739523
98 0.00191702991
99 0.00191479176
100 0.00187383392
101 0.00186771771
102 0.00182151159
103 0.00181857775
104 0.00177718957
105 0.00177157771
106 0.00172954542
107 0.00172585369
108 0.00168504446
109 0.00167835224
110 0.0016427979
111 0.00163647219
112 0.00160013952
113 0.00159556096
114 0.00156168158
115 0.0015529629
116 0.00152155261
117 0.0015125025
118 0.0014799741
119 0.00147028715
120 0.00144036766
121 0.00142829528
122 0.00139000657
123 0.00137914936
124 0.00135100703
125 0.00133816663
126 0.0013121196
127 0.00129726283
128 0.00127124552
129 0.00125584638
130 0.00123097452
131 0.00121338181
132 0.00119133626
133 0.00117387632
134 0.00115579427
135 0.00114104342
136 0.00113033696
137 0.00111441413
138 0.0011019731
139 0.00108090087
140 0.00106633302
141 0.0010442377
142 0.00102704443
143 0.00099871123
144 0.0009770302
145 0.00095004358
146 0.00093329959
147 0.00090926654
148 0.00089670518
149 0.0008751976
150 0.00086330796
151 0.00084521044
152 0.00083508932
153 0.00081872925
154 0.00081137984
155 0.00079754071
156 0.00078919299
157 0.00077611897
158 0.00076670784
159 0.00075251333
160 0.00074393005
161 0.00073207333
162 0.00072134086
163 0.00071359993
164 0.00070201574
165 0.00069329577
166 0.00068427078
167 0.00067538419
168 0.00066365406
169 0.00065970204
170 0.00064656735
171 0.00064222384
172 0.00063412498
173 0.00063105126
174 0.00061067868
175 0.00061305495
176 0.00059816496
177 0.00059351047
178 0.0005793169
179 0.00056930746
180 0.00055267998
181 0.00054574092
182 0.00053008945
183 0.00052165239
184 0.00051109868
185 0.00050197704
186 0.00049144507
187 0.00048503092
188 0.00047518942
189 0.00046811995
190 0.00046111298
191 0.00045417886
192 0.00044636649
193 0.00044056843
194 0.00043220806
195 0.00042493738
196 0.00041776843
197 0.00040011988
198 0.00039447306
199 0.00038724347
200 0.00038235331
201 0.00037518693
202 0.00037080314
203 0.00036397319
204 0.00035987756
205 0.00035643367
206 0.00033678395
207 0.0003338358
208 0.00032683833
209 0.00032393766
210 0.00031675763
211 0.00031382455
212 0.00030641017
213 0.00030338034
214 0.00029666885
215 0.00028217803
216 0.00027590028
217 0.00027192391
218 0.00026556759
219 0.00026182896
220 0.00025556111
221 0.00025215382
222 0.00024615277
223 0.00024300693
224 0.00023749537
225 0.00023529588
226 0.00023018636
227 0.00022822778
228 0.0002294226
229 0.00023288272
230 0.00021604521
231 0.00021472309
232 0.00021196745
233 0.00021213249
234 0.00020900505
235 0.00021101724
236 0.00023868676
237 0.00022980053
238 0.00023085723
239 0.00024634841
240 0.00025421902
241 0.00025887634
242 0.0002040805
243 0.00019396866
244 0.00019157188
245 0.00019945269
246 0.0002046413
247 0.0002021686
248 0.00020286576
249 0.0002047342
250 0.00020559291
251 0.00017238169
252 0.00017001664
253 0.00016969944
254 0.00016737386
255 0.00016707153
256 0.00016479572
257 0.00016454152
258 0.00016232794
259 0.00015262625
260 0.00015064773
261 0.00015210671
262 0.00015020852
263 0.00015160708
264 0.00014978799
265 0.0001511256
266 0.00014938434
267 0.00015066058
268 0.00014899578
269 0.00015021057
270 0.00014862057
271 0.00014977412
272 0.00014825714
273 0.00014934974
274 0.00014790407
275 0.00014893602
276 0.0001475599
277 0.00014853172
278 0.00014722314
279 0.00014813561
280 0.00014689248
281 0.00014774637
282 0.00014656673
283 0.00014736274
284 0.0001462446
285 0.00014698358
286 0.00014592476
287 0.00014660778
288 0.00014560601
289 0.00014623404
290 0.00014528726
291 0.00014586116
292 0.00014496722
293 0.00014548803
294 0.00014464464
295 0.00014511346
296 0.00014431828
297 0.00014473615
298 0.00014398698
299 0.00014435476
300 0.00014364937
301 0.00014396808
302 0.00014330405
303 0.00014357475
304 0.0001429496
305 0.00014317324
306 0.00014258463
307 0.00014276197
308 0.00014220751
309 0.0001423394
310 0.00014181645
311 0.00014190378
312 0.00014140967
313 0.00014145315
314 0.00014098527
315 0.00014098541
316 0.00014054104
317 0.00014049841
318 0.00014007457
319 0.00013998968
320 0.00013958331
321 0.00013945645
322 0.00013906449
323 0.00013889571
324 0.00013851491
325 0.00013830421
326 0.00013793101
327 0.00013767827
328 0.00013730897
329 0.00013701374
330 0.00013664453
331 0.00013630604
332 0.00013593285
333 0.00013555017
334 0.00013516856
335 0.00013474054
336 0.00013434586
337 0.0001338709
338 0.00013345834
339 0.00013293445
340 0.00013249893
341 0.00013192395
342 0.00013146005
343 0.0001308316
344 0.00013033386
345 0.00012964932
346 0.00012911239
347 0.00012836915
348 0.00012778792
349 0.0001269838
350 0.00012635373
351 0.00012548743
352 0.00012480521
353 0.00012387681
354 0.00012314122
355 0.00012215309
356 0.00012136586
357 0.00012032393
358 0.00011949084
359 0.00011840568
360 0.00011753794
361 0.00011642563
362 0.00011554072
363 0.00011442328
364 0.0001135448
365 0.00011244943
366 0.00011160554
367 0.00011056198
368 0.00010978219
369 0.00010881842
370 9.87943e-05
371 9.879179e-05
372 9.878938e-05
373 9.878696e-05
374 9.878459e-05
375 9.878229e-05
376 9.877997e-05
377 9.877773e-05
378 9.877551e-05
379 9.87733e-05
380 9.877116e-05
381 9.876901e-05
382 9.87669e-05
383 9.876483e-05
384 9.876275e-05
385 9.876072e-05
386 9.875871e-05
387 9.87567e-05
388 9.875474e-05
389 9.875277e-05
390 9.875083e-05
391 9.874892e-05
392 9.874699e-05
393 9.874511e-05
394 9.874323e-05
395 9.874135e-05
396 9.873952e-05
397 9.873766e-05
398 9.873583e-05
399 9.873402e-05
400 9.873219e-05
401 9.87304e-05
402 9.872861e-05
403 9.872681e-05
404 9.872505e-05
405 9.872327e-05
406 9.87215e-05
407 9.871976e-05
408 9.871799e-05
409 9.871625e-05
410 9.871451e-05
411 9.871276e-05
412 9.871104e-05
413 9.87093e-05
414 9.870757e-05
415 9.870586e-05
416 9.870413e-05
417 9.870241e-05
418 9.87007e-05
419 9.869898e-05
420 9.869727e-05
421 9.869556e-05
422 9.869384e-05
423 9.869214e-05
424 9.869043e-05
425 9.868872e-05
426 9.868702e-05
427 9.86853e-05
428 9.86836e-05
429 9.868189e-05
430 9.868017e-05
431 9.867847e-05
432 9.867675e-05
433 9.867505e-05
434 9.867334e-05
435 9.867161e-05
436 9.866991e-05
437 9.866819e-05
438 9.866646e-05
439 9.866475e-05
440 9.866302e-05
441 9.86613e-05
442 9.865957e-05
443 9.865784e-05
444 9.865611e-05
445 9.865438e-05
446 9.865264e-05
447 9.86509e-05
448 9.864916e-05
449 9.864741e-05
450 9.864567e-05
451 9.864391e-05
452 9.864216e-05
453 9.864041e-05
454 9.863864e-05
455 9.863688e-05
456 9.863511e-05
457 9.863334e-05
458 9.863157e-05
459 9.862979e-05
460 9.862801e-05
461 9.862623e-05
462 9.862444e-05
463 9.862265e-05
464 9.862085e-05
465 9.861905e-05
466 9.861725e-05
467 9.861544e-05
468 9.861363e-05
469 9.861181e-05
470 9.860999e-05
471 9.860817e-05
472 9.860634e-05
473 9.860451e-05
474 9.860267e-05
475 9.860083e-05
476 9.859899e-05
477 9.859714e-05
478 9.859528e-05
479 9.859343e-05
480 9.859156e-05
481 9.858969e-05
482 9.858782e-05
483 9.858594e-05
484 9.858406e-05
485 9.858218e-05
486 9.858028e-05
487 9.857839e-05
488 9.857649e-05
489 9.857458e-05
490 9.857267e-05
491 9.857076e-05
492 9.856884e-05
493 9.856691e-05
494 9.856498e-05
495 9.856305e-05
496 9.856111e-05
497 9.855916e-05
498 9.855721e-05
499 9.855525e-05
500 9.855329e-05
501 9.855133e-05
502 9.854936e-05
503 9.854738e-05
504 9.85454e-05
505 9.854341e-05
506 9.854142e-05
507 9.853942e-05
508 9.853742e-05
509 9.853541e-05
510 9.85334e-05
511 9.853138e-05
512 9.852935e-05
513 9.852732e-05
514 9.852529e-05
515 9.852324e-05
516 9.85212e-05
517 9.851914e-05
518 9.851708e-05
519 9.851502e-05
520 9.851295e-05
521 9.851088e-05
522 9.850879e-05
523 9.850671e-05
524 9.850461e-05
525 9.850252e-05
526 9.850041e-05
527 9.84983e-05
528 9.849618e-05
529 9.849406e-05
530 9.849193e-05
531 9.84898e-05
532 9.848766e-05
533 9.848551e-05
534 9.848336e-05
535 9.84812e-05
536 9.847903e-05
537 9.847686e-05
538 9.847468e-05
539 9.84725e-05
540 9.847031e-05
541 9.846811e-05
542 9.846591e-05
543 9.84637e-05
544 9.846149e-05
545 9.845926e-05
546 9.845704e-05
547 9.84548e-05
548 9.845256e-05
549 9.845031e-05
550 9.844806e-05
551 9.84458e-05
552 9.844353e-05
553 9.844126e-05
554 9.843897e-05
555 9.843669e-05
556 9.843439e-05
557 9.843209e-05
558 9.842978e-05
559 9.842747e-05
560 9.842515e-05
561 9.842282e-05
562 9.842048e-05
563 9.841814e-05
564 9.841579e-05
565 9.841343e-05
566 9.841107e-05
567 9.84087e-05
568 9.840632e-05
569 9.840394e-05
570 9.840155e-05
571 9.839915e-05
572 9.839674e-05
573 9.839432e-05
574 9.83919e-05
575 9.838948e-05
576 9.838704e-05
577 9.83846e-05
578 9.838214e-05
579 9.837969e-05
580 9.837722e-05
581 9.837475e-05
582 9.837227e-05
583 9.836978e-05
584 9.836728e-05
585 9.836478e-05
586 9.836226e-05
587 9.835974e-05
588 9.835722e-05
589 9.835468e-05
590 9.835214e-05
591 9.834959e-05
592 9.834703e-05
593 9.834446e-05
594 9.834189e-05
595 9.83393e-05
596 9.833671e-05
597 9.833411e-05
598 9.83315e-05
599 9.832889e-05
600 9.832626e-05
601 9.832363e-05
602 9.832099e-05
603 9.831834e-05
604 9.831568e-05
605 9.831302e-05
606 9.831034e-05
607 9.830766e-05
608 9.830497e-05
609 9.830227e-05
610 9.829956e-05
611 9.829684e-05
612 9.829411e-05
613 9.829138e-05
614 9.828863e-05
615 9.828588e-05
616 9.828312e-05
617 9.828035e-05
618 9.827757e-05
619 9.827478e-05
620 9.827198e-05
621 9.826917e-05
622 9.826635e-05
623 9.826353e-05
624 9.826069e-05
625 9.825785e-05
626 9.825499e-05
627 9.825213e-05
628 9.824926e-05
629 9.824638e-05
630 9.824348e-05
631 9.824058e-05
632 9.823767e-05
633 9.823475e-05
634 9.823182e-05
635 9.822888e-05
636 9.822593e-05
637 9.822297e-05
638 9.822e-05
639 9.821702e-05
640 9.821402e-05
641 9.821102e-05
642 9.820801e-05
643 9.820499e-05
644 9.820196e-05
645 9.819892e-05
646 9.819587e-05
647 9.81928e-05
648 9.818973e-05
649 9.818665e-05
650 9.818355e-05
651 9.818045e-05
652 9.817733e-05
653 9.817421e-05
654 9.817107e-05
655 9.816792e-05
656 9.816476e-05
657 9.816159e-05
658 9.815841e-05
659 9.815522e-05
660 9.815201e-05
661 9.81488e-05
662 9.814557e-05
663 9.814234e-05
664 9.813909e-05
665 9.813583e-05
666 9.813256e-05
667 9.812927e-05
668 9.812598e-05
669 9.812267e-05
670 9.811935e-05
671 9.811602e-05
672 9.811268e-05
673 9.810932e-05
674 9.810596e-05
675 9.810258e-05
676 9.809919e-05
677 9.809579e-05
678 9.809237e-05
679 9.808894e-05
680 9.80855e-05
681 9.808205e-05
682 9.807859e-05
683 9.807511e-05
684 9.807162e-05
685 9.806811e-05
686 9.80646e-05
687 9.806107e-05
688 9.805753e-05
689 9.805397e-05
690 9.80504e-05
691 9.804682e-05
692 9.804323e-05
693 9.803962e-05
694 9.8036e-05
695 9.803236e-05
696 9.802871e-05
697 9.802505e-05
698 9.802138e-05
699 9.801769e-05
700 9.801398e-05
701 9.801026e-05
702 9.800653e-05
703 9.800279e-05
704 9.799902e-05
705 9.799525e-05
706 9.799146e-05
707 9.798766e-05
708 9.798384e-05
709 9.798001e-05
710 9.797616e-05
711 9.79723e-05
712 9.796842e-05
713 9.796453e-05
714 9.796062e-05
715 9.79567e-05
716 9.795276e-05
717 9.794881e-05
718 9.794484e-05
719 9.794085e-05
720 9.793685e-05
721 9.793284e-05
722 9.792881e-05
723 9.792476e-05
724 9.79207e-05
725 9.791662e-05
726 9.791252e-05
727 9.790841e-05
728 9.790428e-05
729 9.790014e-05
730 9.789598e-05
731 9.78918e-05
732 9.788761e-05
733 9.78834e-05
734 9.787917e-05
735 9.787492e-05
736 9.787066e-05
737 9.786638e-05
738 9.786208e-05
739 9.785777e-05
740 9.785343e-05
741 9.784908e-05
742 9.784472e-05
743 9.784033e-05
744 9.783593e-05
745 9.78315e-05
746 9.782706e-05
747 9.78226e-05
748 9.781813e-05
749 9.781363e-05
750 9.780912e-05
751 9.780458e-05
752 9.780003e-05
753 9.779546e-05
754 9.779087e-05
755 9.778626e-05
756 9.778163e-05
757 9.777698e-05
758 9.777231e-05
759 9.776762e-05
760 9.776291e-05
761 9.775818e-05
762 9.775343e-05
763 9.774866e-05
764 9.774387e-05
765 9.773906e-05
766 9.773423e-05
767 9.772938e-05
768 9.772451e-05
769 9.771961e-05
770 9.77147e-05
771 9.770976e-05
772 9.77048e-05
773 9.769982e-05
774 9.769482e-05
775 9.768979e-05
776 9.768475e-05
777 9.767968e-05
778 9.767459e-05
779 9.766947e-05
780 9.766433e-05
781 9.765917e-05
782 9.765399e-05
783 9.764879e-05
784 9.764356e-05
785 9.76383e-05
786 9.763303e-05
787 9.762773e-05
788 9.76224e-05
789 9.761705e-05
790 9.761168e-05
791 9.760628e-05
792 9.760086e-05
793 9.759541e-05
794 9.758994e-05
795 9.758444e-05
796 9.757892e-05
797 9.757337e-05
798 9.75678e-05
799 9.75622e-05
800 9.755657e-05
801 9.755092e-05
802 9.754524e-05
803 9.753953e-05
804 9.75338e-05
805 9.752804e-05
806 9.752225e-05
807 9.751644e-05
808 9.751059e-05
809 9.750472e-05
810 9.749883e-05
811 9.74929e-05
812 9.748695e-05
813 9.748096e-05
814 9.747495e-05
815 9.746891e-05
816 9.746284e-05
817 9.745674e-05
818 9.745061e-05
819 9.744445e-05
820 9.743826e-05
821 9.743204e-05
822 9.742579e-05
823 9.74195e-05
824 9.741319e-05
825 9.740685e-05
826 9.740047e-05
827 9.739406e-05
828 9.738763e-05
829 9.738115e-05
830 9.737465e-05
831 9.736811e-05
832 9.736154e-05
833 9.735494e-05
834 9.73483e-05
835 9.734163e-05
836 9.733493e-05
837 9.732819e-05
838 9.732141e-05
839 9.731461e-05
840 9.730776e-05
841 9.730088e-05
842 9.729397e-05
843 9.728702e-05
844 9.728003e-05
845 9.727301e-05
846 9.726595e-05
847 9.725885e-05
848 9.725172e-05
849 9.724455e-05
850 9.723734e-05
851 9.723009e-05
852 9.722281e-05
853 9.721548e-05
854 9.720812e-05
855 9.720071e-05
856 9.719327e-05
857 9.718578e-05
858 9.717826e-05
859 9.717069e-05
860 9.716309e-05
861 9.715544e-05
862 9.714775e-05
863 9.714002e-05
864 9.713224e-05
865 9.712443e-05
866 9.711656e-05
867 9.710866e-05
868 9.710071e-05
869 9.709272e-05
870 9.708468e-05
871 9.70766e-05
872 9.706847e-05
873 9.70603e-05
874 9.705208e-05
875 9.704381e-05
876 9.70355e-05
877 9.702714e-05
878 9.701873e-05
879 9.701027e-05
880 9.700177e-05
881 9.699321e-05
882 9.698461e-05
883 9.697595e-05
884 9.696725e-05
885 9.695849e-05
886 9.694968e-05
887 9.694082e-05
888 9.693191e-05
889 9.692295e-05
890 9.691393e-05
891 9.690486e-05
892 9.689574e-05
893 9.688656e-05
894 9.687732e-05
895 9.686803e-05
896 9.685869e-05
897 9.684928e-05
898 9.683982e-05
899 9.68303e-05
900 9.682073e-05
901 9.681109e-05
902 9.68014e-05
903 9.679165e-05
904 9.678183e-05
905 9.677196e-05
906 9.676202e-05
907 9.675202e-05
908 9.674196e-05
909 9.673183e-05
910 9.672164e-05
911 9.671139e-05
912 9.670107e-05
913 9.669069e-05
914 9.668023e-05
915 9.666972e-05
916 9.665913e-05
917 9.664848e-05
918 9.663775e-05
919 9.662696e-05
920 9.66161e-05
921 9.660516e-05
922 9.659415e-05
923 9.658308e-05
924 9.657192e-05
925 9.65607e-05
926 9.65494e-05
927 9.653802e-05
928 9.652657e-05
929 9.651504e-05
930 9.650343e-05
931 9.649174e-05
932 9.647998e-05
933 9.646813e-05
934 9.645621e-05
935 9.64442e-05
936 9.643211e-05
937 9.641993e-05
938 9.640767e-05
939 9.639533e-05
940 9.638289e-05
941 9.637038e-05
942 9.635777e-05
943 9.634507e-05
944 9.633229e-05
945 9.631941e-05
946 9.630644e-05
947 9.629338e-05
948 9.628022e-05
949 9.626697e-05
950 9.625363e-05
951 9.624018e-05
952 9.622664e-05
953 9.6213e-05
954 9.619926e-05
955 9.618542e-05
956 9.617147e-05
957 9.615742e-05
958 9.614327e-05
959 9.6129e-05
960 9.611464e-05
961 9.610016e-05
962 9.608557e-05
963 9.607088e-05
964 9.605607e-05
965 9.604114e-05
966 9.602611e-05
967 9.601095e-05
968 9.599568e-05
969 9.598029e-05
970 9.596478e-05
971 9.594914e-05
972 9.593339e-05
973 9.59175e-05
974 9.59015e-05
975 9.588536e-05
976 9.586909e-05
977 9.58527e-05
978 9.583617e-05
979 9.581951e-05
980 9.580271e-05
981 9.578577e-05
982 9.576869e-05
983 9.575148e-05
984 9.573412e-05
985 9.571661e-05
986 9.569896e-05
987 9.568117e-05
988 9.566322e-05
989 9.564512e-05
990 9.562686e-05
991 9.560845e-05
992 9.558988e-05
993 9.557115e-05
994 9.555226e-05
995 9.553321e-05
996 9.551399e-05
997 9.54946e-05
998 9.547504e-05
999 9.54553e-05
1000 9.543539e-05
1001 9.541531e-05
1002 9.539504e-05
1003 9.537459e-05
1004 9.535395e-05
1005 9.533313e-05
1006 9.531211e-05
1007 9.529091e-05
1008 9.526951e-05
1009 9.524791e-05
1010 9.52261e-05
1011 9.52041e-05
1012 9.518188e-05
1013 9.515946e-05
1014 9.513683e-05
1015 9.511397e-05
1016 9.50909e-05
1017 9.506761e-05
1018 9.504409e-05
1019 9.502035e-05
1020 9.499637e-05
1021 9.497215e-05
1022 9.49477e-05
1023 9.4923e-05
1024 9.489806e-05
1025 9.487286e-05
1026 9.484741e-05
1027 9.482171e-05
1028 9.479574e-05
1029 9.476951e-05
1030 9.4743e-05
1031 9.471623e-05
1032 9.468917e-05
1033 9.466183e-05
1034 9.463421e-05
1035 9.460629e-05
1036 9.457808e-05
1037 9.454956e-05
1038 9.452074e-05
1039 9.44916e-05
1040 9.446215e-05
1041 9.443238e-05
1042 9.440228e-05
1043 9.437185e-05
1044 9.434109e-05
1045 9.430997e-05
1046 9.427851e-05
1047 9.424669e-05
1048 9.421452e-05
1049 9.418197e-05
1050 9.414905e-05
1051 9.411575e-05
1052 9.408206e-05
1053 9.404798e-05
1054 9.40135e-05
1055 9.397861e-05
1056 9.39433e-05
1057 9.390757e-05
1058 9.387141e-05
1059 9.383481e-05
1060 9.379777e-05
1061 9.376026e-05
1062 9.37223e-05
1063 9.368387e-05
1064 9.364495e-05
1065 9.360554e-05
1066 9.356564e-05
1067 9.352522e-05
1068 9.348429e-05
1069 9.344282e-05
1070 9.340082e-05
1071 9.335827e-05
1072 9.331516e-05
1073 9.327148e-05
1074 9.322721e-05
1075 9.318235e-05
1076 9.313688e-05
1077 9.309079e-05
1078 9.304406e-05
1079 9.29967e-05
1080 9.294867e-05
1081 9.289997e-05
1082 9.285058e-05
1083 9.28005e-05
1084 9.274969e-05
1085 9.269815e-05
1086 9.264587e-05
1087 9.259282e-05
1088 9.253898e-05
1089 9.248435e-05
1090 9.24289e-05
1091 9.237262e-05
1092 9.231548e-05
1093 9.225747e-05
1094 9.219856e-05
1095 9.213874e-05
1096 9.207798e-05
1097 9.201627e-05
1098 9.195357e-05
1099 9.188987e-05
1100 9.182514e-05
1101 9.175936e-05
1102 9.16925e-05
1103 9.162453e-05
1104 9.155542e-05
1105 9.148516e-05
1106 9.14137e-05
1107 9.134102e-05
1108 9.126709e-05
1109 9.119187e-05
1110 9.111534e-05
1111 9.103745e-05
1112 9.095817e-05
1113 9.087746e-05
1114 9.079529e-05
1115 9.071161e-05
1116 9.062639e-05
1117 9.053958e-05
1118 9.045113e-05
1119 9.036101e-05
1120 9.026916e-05
1121 9.017553e-05
1122 9.008008e-05
1123 8.998274e-05
1124 8.988347e-05
1125 8.978221e-05
1126 8.96789e-05
1127 8.957348e-05
1128 8.946587e-05
1129 8.935603e-05
1130 8.924387e-05
1131 8.912932e-05
1132 8.901231e-05
1133 8.889277e-05
1134 8.877061e-05
1135 8.864574e-05
1136 8.851809e-05
1137 8.838754e-05
1138 8.825403e-05
1139 8.811743e-05
1140 8.797765e-05
1141 8.783458e-05
1142 8.768811e-05
1143 8.753812e-05
1144 8.738448e-05
1145 8.722708e-05
1146 8.706576e-05
1147 8.690041e-05
1148 8.673086e-05
1149 8.655696e-05
1150 8.637857e-05
1151 8.61955e-05
1152 8.600758e-05
1153 8.581464e-05
1154 8.561648e-05
1155 8.54129e-05
1156 8.520369e-05
1157 8.498864e-05
1158 8.476751e-05
1159 8.454007e-05
1160 8.430606e-05
1161 8.406523e-05
1162 8.381729e-05
1163 8.356197e-05
1164 8.329897e-05
1165 8.302796e-05
1166 8.274862e-05
1167 8.246061e-05
1168 8.216358e-05
1169 8.185715e-05
1170 8.154092e-05
1171 8.121451e-05
1172 8.087748e-05
1173 8.05294e-05
1174 8.016981e-05
1175 7.979825e-05
1176 7.941423e-05
1177 7.901725e-05
1178 7.860679e-05
1179 7.818233e-05
1180 7.774333e-05
1181 7.728925e-05
1182 7.681952e-05
1183 7.633361e-05
1184 7.583095e-05
1185 7.5311e-05
1186 7.477325e-05
1187 7.421718e-05
1188 7.364232e-05
1189 7.304824e-05
1190 7.243458e-05
1191 7.180101e-05
1192 7.114734e-05
1193 7.047344e-05
1194 6.977934e-05
1195 6.906519e-05
1196 6.833135e-05
1197 6.757835e-05
1198 6.680695e-05
1199 6.601819e-05
1200 6.521338e-05
1201 6.439412e-05
1202 6.356237e-05
1203 6.272041e-05
1204 6.187089e-05
1205 6.101678e-05
1206 6.016141e-05
1207 5.93084e-05
1208 5.84616e-05
1209 5.762506e-05
1210 5.680294e-05
1211 5.599938e-05
1212 5.521842e-05
1213 5.446385e-05
1214 5.373915e-05
1215 5.304732e-05
1216 5.239081e-05
1217 5.177145e-05
1218 5.119041e-05
1219 5.064818e-05
1220 5.01446e-05
1221 4.967889e-05
1222 4.924975e-05
1223 4.885543e-05
1224 4.849385e-05
1225 4.816268e-05
1226 4.785946e-05
1227 4.758166e-05
1228 4.732679e-05
1229 4.709244e-05
1230 4.68763e-05
1231 4.667623e-05
1232 4.649027e-05
1233 4.631663e-05
1234 4.615367e-05
1235 4.599996e-05
1236 4.585421e-05
1237 4.571527e-05
1238 4.558213e-05
1239 4.54539e-05
1240 4.532978e-05
1241 4.520907e-05
1242 4.509116e-05
1243 4.497549e-05
1244 4.486156e-05
1245 4.474893e-05
1246 4.46372e-05
1247 4.4526e-05
1248 4.441501e-05
1249 4.430391e-05
1250 4.419241e-05
1251 4.408026e-05
1252 4.396719e-05
1253 4.385298e-05
1254 4.373738e-05
1255 4.362018e-05
1256 4.350116e-05
1257 4.338011e-05
1258 4.325683e-05
1259 4.31311e-05
1260 4.300273e-05
1261 4.287149e-05
1262 4.27372e-05
1263 4.259962e-05
1264 4.245855e-05
1265 4.231377e-05
1266 4.216504e-05
1267 4.201213e-05
1268 4.18548e-05
1269 4.16928e-05
1270 4.152586e-05
1271 4.135371e-05
1272 4.117607e-05
1273 4.099264e-05
1274 4.08031e-05
1275 4.060713e-05
1276 4.040439e-05
1277 4.01945e-05
1278 3.997709e-05
1279 3.975176e-05
1280 3.951807e-05
1281 3.927559e-05
1282 3.902384e-05
1283 3.876231e-05
1284 3.849049e-05
1285 3.820781e-05
1286 3.791369e-05
1287 3.760751e-05
1288 3.72886e-05
1289 3.695628e-05
1290 3.660983e-05
1291 3.624847e-05
1292 3.58714e-05
1293 3.547779e-05
1294 3.506674e-05
1295 3.463735e-05
1296 3.418865e-05
1297 3.371968e-05
1298 3.32294e-05
1299 3.27168e-05
1300 3.218082e-05
1301 3.162041e-05
1302 3.103453e-05
1303 3.042217e-05
1304 2.978236e-05
1305 2.911422e-05
1306 2.841696e-05
1307 2.768992e-05
1308 2.693265e-05
1309 2.61449e-05
1310 2.532673e-05
1311 2.44785e-05
1312 2.360102e-05
1313 2.269552e-05
1314 2.176377e-05
1315 2.080813e-05
1316 1.983157e-05
1317 1.883772e-05
1318 1.783084e-05
1319 1.681585e-05
1320 1.579822e-05
1321 1.478391e-05
1322 1.37792e-05
1323 1.279053e-05
1324 1.182433e-05
1325 1.088679e-05
