0.0494835408
0.0574926948
0.0669584175
0.0676221287
0.0653549374
0.0629558503
0.0566575276
0.0505779672
0.0492303533
0.0477820910
0.0429824952
0.0349376271
0.0258053209
0.0190024719
0.0137471608
0.0090147045
0.0056165134
0.0035179886
0.0023198065
0.0016060660
0.0011459390
0.0008482720
0.0006588840
0.0005368312
0.0004559168
0.0004008684
0.0003622593
0.0003339753
0.0003122371
0.0002948800
0.0002806603
0.0002687750
0.0002586429
0.0002498356
0.0002420464
0.0002350576
0.0002287098
0.0002228815
0.0002174802
0.0002124362
0.0002076975
0.0002032241
0.0001989844
0.0001949526
0.0001911070
0.0001874298
0.0001839060
0.0001805229
0.0001772700
0.0001741379
0.0001711187
0.0001682052
0.0001653913
0.0001626713
0.0001600402
0.0001574933
0.0001550265
0.0001526359
0.0001503181
0.0001480698
0.0001458879
0.0001437697
0.0001417125
0.0001397137
0.0001377711
0.0001358822
0.0001340451
0.0001322577
0.0001305181
0.0001288243
0.0001271748
0.0001255677
0.0001240016
0.0001224749
0.0001209862
0.0001195340
0.0001181171
0.0001167342
0.0001153842
0.0001140658
0.0001127779
0.0001115196
0.0001102898
0.0001090875
0.0001079119
0.0001067620
0.0001056371
0.0001045362
0.0001034587
0.0001024038
0.0001013708
0.0001003590
0.0000993678
