0.0515890748
0.0608647476
0.0733332198
0.0743109180
0.0711179052
0.0698494897
0.0655055771
0.0581716210
0.0576889396
0.0600523838
0.0603943277
0.0585269256
0.0545776159
0.0500048203
0.0465136164
0.0428023697
0.0374490485
0.0307552750
0.0240179025
0.0182180503
0.0132741952
0.0092448473
0.0063093108
0.0043498815
0.0030870248
0.0022607579
0.0017080584
0.0013346406
0.0010797810
0.0009028390
0.0007771772
0.0006854247
0.0006162826
0.0005625309
0.0005195959
0.0004845072
0.0004552476
0.0004303995
0.0004089498
0.0003901643
0.0003735012
0.0003585556
0.0003450225
0.0003326700
0.0003213191
0.0003108287
0.0003010856
0.0002919976
0.0002834891
0.0002754977
0.0002679710
0.0002608646
0.0002541405
0.0002477657
0.0002417113
0.0002359519
0.0002304649
0.0002252303
0.0002202302
0.0002154488
0.0002108715
0.0002064855
0.0002022789
0.0001982408
0.0001943613
0.0001906313
0.0001870421
0.0001835861
0.0001802559
0.0001770447
0.0001739464
0.0001709551
0.0001680654
0.0001652723
0.0001625710
0.0001599570
0.0001574262
0.0001549748
0.0001525989
0.0001502953
0.0001480607
0.0001458920
0.0001437863
0.0001417409
0.0001397534
0.0001378212
0.0001359422
0.0001341141
0.0001323349
0.0001306027
0.0001289156
0.0001272719
0.0001256700
0.0001241082
0.0001225852
0.0001210994
0.0001196495
0.0001182344
0.0001168526
0.0001155031
0.0001141847
0.0001128964
0.0001116372
0.0001104061
0.0001092021
0.0001080244
0.0001068722
0.0001057446
0.0001046408
0.0001035601
0.0001025018
0.0001014652
0.0001004496
0.0000994544
