0.0519001579
0.0632969864
0.0781586606
0.0797324332
0.0756346850
0.0726486472
0.0710275914
0.0624999733
0.0587384999
0.0620100786
0.0647175261
0.0655131202
0.0649533199
0.0632476770
0.0619075990
0.0619718775
0.0626409252
0.0629862294
0.0627177937
0.0619401522
0.0609866608
0.0601303716
0.0593026831
0.0582053370
0.0565570083
0.0541811874
0.0509634234
0.0467481763
0.0412900680
0.0344773540
0.0268054070
0.0194195158
0.0133090197
0.0087553818
0.0056119557
0.0035847491
0.0023360518
0.0015798256
0.0011194180
0.0008339897
0.0006527662
0.0005346278
0.0004553984
0.0004006203
0.0003615073
0.0003326375
0.0003106108
0.0002932592
0.0002791769
0.0002674373
0.0002574182
0.0002486934
0.0002409646
0.0002340186
0.0002277000
0.0002218935
0.0002165122
0.0002114893
0.0002067732
0.0002023230
0.0001981063
0.0001940968
0.0001902729
0.0001866168
0.0001831137
0.0001797508
0.0001765175
0.0001734043
0.0001704034
0.0001675076
0.0001647106
0.0001620069
0.0001593914
0.0001568597
0.0001544076
0.0001520313
0.0001497273
0.0001474923
0.0001453234
0.0001432177
0.0001411725
0.0001391854
0.0001372540
0.0001353761
0.0001335495
0.0001317722
0.0001300423
0.0001283581
0.0001267177
0.0001251196
0.0001235621
0.0001220437
0.0001205630
0.0001191187
0.0001177094
0.0001163339
0.0001149910
0.0001136795
0.0001123984
0.0001111466
0.0001099231
0.0001087270
0.0001075574
0.0001064133
0.0001052940
0.0001041987
0.0001031265
0.0001020769
0.0001010489
0.0001000421
0.0000990557
