0.0460868054
0.0666863993
0.0756574465
0.0744626459
0.0724206685
0.0709494263
0.0627120384
0.0589170476
0.0617748613
0.0641064421
0.0644740869
0.0631644700
0.0605076900
0.0582375026
0.0570587539
0.0557820450
0.0532621403
0.0490249524
0.0432252511
0.0364868502
0.0291938906
0.0216550815
0.0148556527
0.0097136068
0.0062584056
0.0040368776
0.0026348177
0.0017665932
0.0012337427
0.0009045998
0.0006974761
0.0005635808
0.0004742457
0.0004126611
0.0003688345
0.0003366668
0.0003123265
0.0002933506
0.0002781277
0.0002655862
0.0002550011
0.0002458738
0.0002378566
0.0002307033
0.0002242370
0.0002183279
0.0002128788
0.0002078154
0.0002030801
0.0001986276
0.0001944217
0.0001904331
0.0001866382
0.0001830174
0.0001795542
0.0001762350
0.0001730480
0.0001699833
0.0001670322
0.0001641870
0.0001614411
0.0001587885
0.0001562241
0.0001537430
0.0001513410
0.0001490142
0.0001467589
0.0001445718
0.0001424499
0.0001403902
0.0001383902
0.0001364472
0.0001345590
0.0001327232
0.0001309378
0.0001292007
0.0001275102
0.0001258643
0.0001242613
0.0001226997
0.0001211778
0.0001196942
0.0001182475
0.0001168364
0.0001154595
0.0001141156
0.0001128036
0.0001115223
0.0001102706
0.0001090477
0.0001078523
0.0001066838
0.0001055411
0.0001044233
0.0001033298
0.0001022596
0.0001012121
0.0001001865
0.0000991822
