0.0477837987
0.0599455475
0.0695842920
0.0688445531
0.0648319914
0.0601158629
0.0497546540
0.0423216775
0.0403768433
0.0354883460
0.0269220888
0.0180282683
0.0119197296
0.0084376344
0.0054879717
0.0034164460
0.0021712661
0.0014409724
0.0010343406
0.0007949423
0.0006340589
0.0005209085
0.0004432235
0.0003900867
0.0003523864
0.0003245225
0.0003034213
0.0002870779
0.0002739570
0.0002629659
0.0002534506
0.0002450588
0.0002375769
0.0002308384
0.0002247023
0.0002190567
0.0002138187
0.0002089265
0.0002043311
0.0001999927
0.0001958787
0.0001919635
0.0001882266
0.0001846515
0.0001812241
0.0001779324
0.0001747660
0.0001717159
0.0001687744
0.0001659347
0.0001631910
0.0001605380
0.0001579709
0.0001554854
0.0001530776
0.0001507436
0.0001484801
0.0001462840
0.0001441523
0.0001420822
0.0001400711
0.0001381167
0.0001362166
0.0001343687
0.0001325709
0.0001308214
0.0001291182
0.0001274595
0.0001258437
0.0001242692
0.0001227345
0.0001212380
0.0001197784
0.0001183544
0.0001169646
0.0001156079
0.0001142831
0.0001129891
0.0001117249
0.0001104894
0.0001092816
0.0001081007
0.0001069457
0.0001058158
0.0001047102
0.0001036281
0.0001025688
0.0001015315
0.0001005156
0.0000995204
