0.0408205442
0.0676096899
0.0818948499
0.0819777552
0.0761468457
0.0718045326
0.0686749149
0.0565721110
0.0515299913
0.0542866342
0.0539550817
0.0499514008
0.0427555940
0.0350804885
0.0301278857
0.0248771033
0.0184846499
0.0127526433
0.0087493385
0.0062024712
0.0043824464
0.0030916458
0.0022339847
0.0016732288
0.0013078271
0.0010654923
0.0008964440
0.0007728483
0.0006804072
0.0006102079
0.0005557226
0.0005123908
0.0004772007
0.0004480613
0.0004234268
0.0004021781
0.0003835484
0.0003670127
0.0003521872
0.0003387747
0.0003265425
0.0003153111
0.0003049403
0.0002953184
0.0002863538
0.0002779710
0.0002701068
0.0002627077
0.0002557277
0.0002491272
0.0002428718
0.0002369323
0.0002312832
0.0002259026
0.0002207709
0.0002158709
0.0002111868
0.0002067043
0.0002024102
0.0001982927
0.0001943407
0.0001905442
0.0001868942
0.0001833822
0.0001800007
0.0001767424
0.0001736009
0.0001705700
0.0001676439
0.0001648174
0.0001620854
0.0001594432
0.0001568866
0.0001544113
0.0001520136
0.0001496900
0.0001474369
0.0001452514
0.0001431303
0.0001410709
0.0001390705
0.0001371266
0.0001352369
0.0001333991
0.0001316112
0.0001298710
0.0001281768
0.0001265267
0.0001249191
0.0001233522
0.0001218247
0.0001203349
0.0001188816
0.0001174635
0.0001160792
0.0001147275
0.0001134074
0.0001121178
0.0001108575
0.0001096256
0.0001084212
0.0001072434
0.0001060912
0.0001049639
0.0001038606
0.0001027807
0.0001017233
0.0001006878
0.0000996735
