0.0452722503
0.0636207111
0.0748528855
0.0750217085
0.0714461272
0.0694281292
0.0651600458
0.0571986304
0.0549286697
0.0564098815
0.0562675554
0.0535753893
0.0482366009
0.0411108708
0.0345441522
0.0281322573
0.0207847142
0.0139445805
0.0090071141
0.0058860435
0.0038371151
0.0024933093
0.0016621437
0.0011600469
0.0008556126
0.0006674715
0.0005465766
0.0004651106
0.0004080739
0.0003670459
0.0003367792
0.0003137977
0.0002958079
0.0002813139
0.0002693220
0.0002591496
0.0002503209
0.0002425077
0.0002354850
0.0002290961
0.0002232267
0.0002177901
0.0002127188
0.0002079598
0.0002034712
0.0001992198
0.0001951784
0.0001913251
0.0001876416
0.0001841126
0.0001807255
0.0001774691
0.0001743342
0.0001713124
0.0001683966
0.0001655804
0.0001628581
0.0001602247
0.0001576757
0.0001552068
0.0001528144
0.0001504949
0.0001482449
0.0001460615
0.0001439418
0.0001418831
0.0001398829
0.0001379388
0.0001360486
0.0001342101
0.0001324212
0.0001306802
0.0001289850
0.0001273341
0.0001257257
0.0001241582
0.0001226302
0.0001211401
0.0001196867
0.0001182685
0.0001168843
0.0001155330
0.0001142133
0.0001129243
0.0001116647
0.0001104336
0.0001092302
0.0001080533
0.0001069023
0.0001057761
0.0001046741
0.0001035955
0.0001025394
0.0001015053
0.0001004923
0.0000995000
