0.0488128115
0.0589322561
0.0753260805
0.0784555976
0.0754158586
0.0710178754
0.0696020776
0.0651566854
0.0579152368
0.0572093535
0.0597027339
0.0606958536
0.0598995482
0.0575686181
0.0540275980
0.0506487133
0.0476076939
0.0433879953
0.0369413042
0.0288616708
0.0210958602
0.0149213378
0.0100572718
0.0064399895
0.0040661196
0.0026260244
0.0017697045
0.0012471232
0.0009180645
0.0007073796
0.0005706196
0.0004799440
0.0004181315
0.0003746584
0.0003430165
0.0003191234
0.0003004194
0.0002853033
0.0002727574
0.0002621080
0.0002528897
0.0002447711
0.0002375128
0.0002309399
0.0002249222
0.0002193617
0.0002141836
0.0002093306
0.0002047580
0.0002004308
0.0001963207
0.0001924049
0.0001886641
0.0001850823
0.0001816463
0.0001783444
0.0001751669
0.0001721053
0.0001691521
0.0001663008
0.0001635456
0.0001608812
0.0001583028
0.0001558062
0.0001533874
0.0001510427
0.0001487689
0.0001465627
0.0001444212
0.0001423418
0.0001403219
0.0001383590
0.0001364508
0.0001345951
0.0001327899
0.0001310333
0.0001293232
0.0001276581
0.0001260360
0.0001244555
0.0001229150
0.0001214131
0.0001199482
0.0001185191
0.0001171245
0.0001157632
0.0001144339
0.0001131356
0.0001118673
0.0001106278
0.0001094162
0.0001082316
0.0001070731
0.0001059398
0.0001048309
0.0001037456
0.0001026832
0.0001016429
0.0001006241
0.0000996261
