0.0604556995
0.0584344806
0.0631534376
0.0652874006
0.0650907572
0.0630864359
0.0593812989
0.0567176586
0.0557182988
0.0543123464
0.0511563532
0.0459417627
0.0392461390
0.0321702644
0.0250033161
0.0179230859
0.0119322119
0.0076718993
0.0049224773
0.0031832677
0.0020947015
0.0014262358
0.0010182387
0.0007665239
0.0006076678
0.0005041922
0.0004342699
0.0003852624
0.0003497415
0.0003231806
0.0003027103
0.0002864625
0.0002732017
0.0002620984
0.0002525857
0.0002442697
0.0002368736
0.0002302008
0.0002241098
0.0002184965
0.0002132825
0.0002084071
0.0002038231
0.0001994927
0.0001953855
0.0001914768
0.0001877466
0.0001841779
0.0001807566
0.0001774708
0.0001743103
0.0001712663
0.0001683310
0.0001654976
0.0001627601
0.0001601132
0.0001575520
0.0001550722
0.0001526699
0.0001503412
0.0001480830
0.0001458919
0.0001437652
0.0001417000
0.0001396939
0.0001377443
0.0001358490
0.0001340058
0.0001322126
0.0001304675
0.0001287687
0.0001271144
0.0001255028
0.0001239325
0.0001224018
0.0001209093
0.0001194537
0.0001180335
0.0001166475
0.0001152945
0.0001139734
0.0001126830
0.0001114222
0.0001101902
0.0001089858
0.0001078082
0.0001066565
0.0001055298
0.0001044273
0.0001033483
0.0001022920
0.0001012577
0.0001002447
0.0000992524
