0.0525160653
0.0614327047
0.0725750392
0.0726153438
0.0699538670
0.0681178334
0.0600005258
0.0548544187
0.0567467053
0.0574913782
0.0551695959
0.0499403415
0.0435666993
0.0388373445
0.0339795743
0.0274777190
0.0205372441
0.0148251239
0.0106736626
0.0074929922
0.0051540650
0.0035740193
0.0025551516
0.0019047490
0.0014766524
0.0011835573
0.0009783897
0.0008325515
0.0007267069
0.0006479830
0.0005879477
0.0005409165
0.0005030075
0.0004716382
0.0004451202
0.0004223155
0.0004024137
0.0003848174
0.0003690830
0.0003548776
0.0003419463
0.0003300905
0.0003191537
0.0003090116
0.0002995642
0.0002907295
0.0002824392
0.0002746361
0.0002672722
0.0002603068
0.0002537054
0.0002474380
0.0002414781
0.0002358027
0.0002303907
0.0002252234
0.0002202841
0.0002155573
0.0002110293
0.0002066876
0.0002025210
0.0001985189
0.0001946720
0.0001909715
0.0001874091
0.0001839774
0.0001806693
0.0001774783
0.0001743983
0.0001714237
0.0001685490
0.0001657695
0.0001630804
0.0001604775
0.0001579567
0.0001555142
0.0001531464
0.0001508500
0.0001486218
0.0001464587
0.0001443580
0.0001423171
0.0001403333
0.0001384044
0.0001365282
0.0001347024
0.0001329251
0.0001311944
0.0001295085
0.0001278657
0.0001262643
0.0001247028
0.0001231798
0.0001216938
0.0001202435
0.0001188276
0.0001174450
0.0001160945
0.0001147749
0.0001134853
0.0001122247
0.0001109920
0.0001097863
0.0001086068
0.0001074527
0.0001063231
0.0001052173
0.0001041345
0.0001030740
0.0001020351
0.0001010172
0.0001000197
0.0000990419
